1 2
1 16
1 3
1 35
1 81
1 82
2 10
2 92
11 2
11 12
11 13
11 28
11 4
102 52
102 61
102 82
103 2
103 103
103 13
103 14
103 18
103 3
103 26
103 28
103 30
103 4
103 45
103 51
103 54
103 67
103 71
104 12
104 18
104 25
104 28
104 32
104 40
104 43
104 66
104 74
104 82
105 104
105 106
105 12
105 13
105 16
105 18
105 3
105 25
105 26
105 27
105 28
105 4
105 31
105 32
105 34
105 39
105 40
105 47
105 49
105 50
105 51
105 52
105 60
105 61
105 62
105 82
105 83
105 85
106 15
106 3
106 24
106 28
106 66
106 71
106 73
107 29
107 39
107 52
107 8
107 77
107 81
107 89
107 97
108 2
108 22
108 34
108 98
109 106
109 21
109 25
109 27
109 32
109 50
109 63
109 82
111 101
14 15
14 16
14 18
14 19
14 41
14 43
14 81
14 98
15 2
15 38
16 33
17 92
18 2
18 107
18 110
18 111
18 13
18 15
18 16
18 18
18 3
18 22
18 25
18 26
18 27
18 28
18 29
18 30
18 32
18 33
18 35
18 36
18 37
18 39
18 44
18 45
18 50
18 6
18 52
18 53
18 58
18 60
18 66
18 67
18 68
18 8
18 71
18 73
18 78
18 79
18 81
18 83
18 84
18 85
18 86
18 87
18 88
18 89
18 90
18 96
18 97
19 2
19 110
19 13
19 22
19 23
19 30
19 4
19 35
19 54
19 61
20 21
20 22
20 23
20 24
20 25
20 26
20 27
20 28
3 2
3 12
3 13
3 15
3 18
3 21
3 22
3 23
3 24
3 25
3 26
3 27
3 28
3 4
3 32
3 35
3 37
3 51
3 53
3 61
3 67
3 73
3 74
3 83
3 84
3 98
23 18
25 37
25 58
27 48
27 57
27 81
28 32
28 35
28 49
28 6
28 53
28 55
29 2
29 13
29 27
29 30
29 31
29 32
29 33
29 34
29 35
29 36
30 59
30 75
4 86
31 93
32 69
33 101
33 21
33 28
33 32
33 53
33 56
33 7
33 71
35 108
35 29
37 56
38 56
39 16
39 38
39 40
39 41
39 8
40 12
40 63
5 29
5 6
5 97
41 12
42 2
42 3
42 26
42 4
42 32
42 39
42 43
42 44
43 69
43 92
44 2
44 101
44 13
44 16
44 18
44 19
44 21
44 22
44 24
44 25
44 27
44 28
44 29
44 32
44 37
44 40
44 43
44 49
44 50
44 6
44 60
44 64
44 67
44 68
44 71
44 81
44 82
44 99
44 100
45 29
45 46
45 92
46 2
46 16
46 3
46 21
46 23
46 27
46 40
46 53
46 74
47 2
47 22
47 28
47 74
48 24
48 25
48 40
48 49
48 50
49 13
49 16
49 22
49 26
49 30
49 36
50 69
6 27
6 33
6 40
6 52
6 7
6 98
51 11
51 13
51 16
51 18
51 19
51 3
51 22
51 23
51 30
51 45
51 49
51 52
51 53
51 54
51 55
51 66
51 9
52 2
52 16
52 18
52 19
52 3
52 22
52 24
52 26
52 27
52 30
52 31
52 32
52 33
52 35
52 39
52 41
52 43
52 45
52 50
52 58
52 7
52 63
52 67
52 68
52 69
52 8
52 9
52 84
52 98
53 57
53 7
53 79
53 92
54 90
54 92
54 93
55 13
55 16
55 18
55 19
55 3
55 35
55 52
55 54
55 59
55 69
55 72
55 73
55 76
55 79
55 98
56 12
56 37
56 71
57 41
57 43
57 50
60 2
60 15
60 23
60 24
60 26
60 31
60 50
60 52
60 63
60 66
60 71
60 72
60 73
60 97
60 98
7 8
61 52
63 72
64 12
64 28
64 65
64 66
69 15
69 17
69 25
69 27
69 28
69 40
69 50
69 71
69 85
70 12
70 24
8 16
8 18
71 37
72 2
72 15
72 26
72 36
72 43
72 61
72 63
72 71
72 74
73 16
73 38
73 67
73 81
74 51
74 69
76 16
76 17
76 25
76 32
76 58
76 67
76 69
76 8
76 77
76 78
76 84
77 13
77 25
77 28
77 34
77 49
77 61
77 65
77 68
77 74
77 81
77 82
77 96
77 98
78 26
78 67
79 51
79 80
80 110
80 111
80 112
80 16
80 21
80 27
80 28
80 30
80 31
80 32
80 43
80 50
80 74
80 82
80 84
80 86
9 10
9 92
81 25
81 28
81 82
83 79
83 92
85 25
85 32
85 34
85 66
87 86
88 25
88 28
88 37
88 66
88 8
88 81
88 84
89 13
89 18
89 26
89 49
89 66
90 18
90 20
90 29
90 5
90 10
90 93
90 100
10 13
10 18
10 3
10 25
10 26
10 27
10 4
10 32
10 40
10 41
10 43
10 60
10 61
10 62
10 63
10 67
91 28
93 29
93 77
93 96
93 97
94 111
94 18
94 3
94 74
94 81
95 21
95 23
95 32
95 53
95 74
95 82
97 28
97 32
99 12
99 16
99 18
99 3
99 28
99 40
99 41
99 43
99 82
100 28
